0 0 0
0 1 0
0 2 0
0 3 0
0 4 0
0 5 0
0 6 0
0 7 0
0 8 0
0 9 0
0 10 0
0 11 0
0 12 0
0 13 0
0 14 0
0 15 0
0 16 0
0 17 0
0 18 0
0 19 0
0 20 0
0 21 0
0 22 0
0 23 0
0 24 0

1 0 0
1 1 0
1 2 0
1 3 0
1 4 0
1 5 0
1 6 0
1 7 0
1 8 0
1 9 0
1 10 0
1 11 0
1 12 0
1 13 0
1 14 0
1 15 0
1 16 0
1 17 0
1 18 0
1 19 0
1 20 0
1 21 0
1 22 0
1 23 0
1 24 0

2 0 0
2 1 0
2 2 0
2 3 0
2 4 0
2 5 0
2 6 0
2 7 0
2 8 0
2 9 0
2 10 0
2 11 0
2 12 0
2 13 0
2 14 0
2 15 0
2 16 0
2 17 0
2 18 0
2 19 0
2 20 0
2 21 0
2 22 0
2 23 0
2 24 0

3 0 0
3 1 0
3 2 0
3 3 0
3 4 0
3 5 0
3 6 0
3 7 0
3 8 0
3 9 0
3 10 0
3 11 0
3 12 0
3 13 0
3 14 0
3 15 0
3 16 0
3 17 0
3 18 0
3 19 0
3 20 0
3 21 0
3 22 0
3 23 0
3 24 0

4 0 0
4 1 0
4 2 0
4 3 0
4 4 0
4 5 0
4 6 0
4 7 0
4 8 0
4 9 0
4 10 0
4 11 0
4 12 0
4 13 0
4 14 0
4 15 0
4 16 0
4 17 0
4 18 0
4 19 0
4 20 0
4 21 0
4 22 0
4 23 0
4 24 0

5 0 0
5 1 0
5 2 0
5 3 -1
5 4 -1
5 5 -1
5 6 -1
5 7 -1
5 8 -2
5 9 -3
5 10 -2
5 11 -2
5 12 -2
5 13 -2
5 14 -3
5 15 -3
5 16 -2
5 17 -2
5 18 -2
5 19 -2
5 20 -2
5 21 -1
5 22 0
5 23 0
5 24 0

6 0 0
6 1 0
6 2 0
6 3 -1
6 4 -4
6 5 -5
6 6 -5
6 7 -5
6 8 -6
6 9 -8
6 10 -10
6 11 -10
6 12 -9
6 13 -9
6 14 -7
6 15 -7
6 16 -8
6 17 -8
6 18 -8
6 19 -8
6 20 -5
6 21 -1
6 22 0
6 23 0
6 24 0

7 0 0
7 1 0
7 2 0
7 3 -1
7 4 -4
7 5 -10
7 6 -13
7 7 -13
7 8 -9
7 9 -11
7 10 -21
7 11 -23
7 12 -22
7 13 -17
7 14 -10
7 15 -7
7 16 -13
7 17 -18
7 18 -18
7 19 -13
7 20 -5
7 21 -1
7 22 0
7 23 0
7 24 0

8 0 0
8 1 0
8 2 0
8 3 -1
8 4 -4
8 5 -10
8 6 -20
8 7 -18
8 8 -13
8 9 -13
8 10 -18
8 11 -32
8 12 -31
8 13 -19
8 14 -7
8 15 -5
8 16 -13
8 17 -25
8 18 -25
8 19 -13
8 20 -5
8 21 -1
8 22 0
8 23 0
8 24 0

9 0 0
9 1 0
9 2 0
9 3 -1
9 4 -4
9 5 -11
9 6 -15
9 7 -20
9 8 -21
9 9 -11
9 10 -10
9 11 -17
9 12 -22
9 13 -9
9 14 -1
9 15 -7
9 16 -15
9 17 -20
9 18 -20
9 19 -15
9 20 -7
9 21 -2
9 22 0
9 23 0
9 24 0

10 0 0
10 1 0
10 2 0
10 3 -1
10 4 -4
10 5 -7
10 6 -14
10 7 -22
10 8 -20
10 9 -13
10 10 -2
10 11 9
10 12 15
10 13 11
10 14 1
10 15 -9
10 16 -16
10 17 -16
10 18 -16
10 19 -16
10 20 -10
10 21 -2
10 22 0
10 23 0
10 24 0

11 0 0
11 1 0
11 2 0
11 3 -1
11 4 -1
11 5 -4
11 6 -14
11 7 -22
11 8 -25
11 9 -13
11 10 9
11 11 40
11 12 52
11 13 29
11 14 8
11 15 -5
11 16 -16
11 17 -21
11 18 -21
11 19 -15
11 20 -7
11 21 -2
11 22 0
11 23 0
11 24 0

12 0 0
12 1 0
12 2 0
12 3 0
12 4 0
12 5 -3
12 6 -10
12 7 -23
12 8 -32
12 9 -18
12 10 30
12 11 62
12 12 60
12 13 43
12 14 18
12 15 -4
12 16 -17
12 17 -30
12 18 -26
12 19 -13
12 20 -5
12 21 -1
12 22 0
12 23 0
12 24 0

13 0 0
13 1 0
13 2 0
13 3 0
13 4 0
13 5 -2
13 6 -10
13 7 -23
13 8 -32
13 9 -11
13 10 27
13 11 61
13 12 62
13 13 44
13 14 14
13 15 -11
13 16 -27
13 17 -24
13 18 -19
13 19 -13
13 20 -5
13 21 -1
13 22 0
13 23 0
13 24 0

14 0 0
14 1 0
14 2 0
14 3 0
14 4 0
14 5 -2
14 6 -10
14 7 -21
14 8 -18
14 9 -8
14 10 11
14 11 35
14 12 55
14 13 30
14 14 -2
14 15 -30
14 16 -25
14 17 -14
14 18 -9
14 19 -8
14 20 -5
14 21 -1
14 22 0
14 23 0
14 24 0

15 0 0
15 1 0
15 2 0
15 3 0
15 4 0
15 5 -2
15 6 -7
15 7 -10
15 8 -13
15 9 -9
15 10 -3
15 11 13
15 12 18
15 13 7
15 14 -26
15 15 -28
15 16 -19
15 17 -8
15 18 -3
15 19 -2
15 20 -2
15 21 -1
15 22 0
15 23 0
15 24 0

16 0 0
16 1 0
16 2 0
16 3 0
16 4 0
16 5 -1
16 6 -2
16 7 -5
16 8 -9
16 9 -15
16 10 -8
16 11 -10
16 12 -20
16 13 -32
16 14 -27
16 15 -21
16 16 -12
16 17 -6
16 18 -1
16 19 0
16 20 0
16 21 0
16 22 0
16 23 0
16 24 0

17 0 0
17 1 0
17 2 0
17 3 0
17 4 0
17 5 0
17 6 -1
17 7 -4
17 8 -9
17 9 -9
17 10 -15
17 11 -27
17 12 -43
17 13 -40
17 14 -25
17 15 -14
17 16 -9
17 17 -3
17 18 -1
17 19 0
17 20 0
17 21 0
17 22 0
17 23 0
17 24 0

18 0 0
18 1 0
18 2 0
18 3 0
18 4 0
18 5 0
18 6 -1
18 7 -4
18 8 -4
18 9 -6
18 10 -15
18 11 -30
18 12 -37
18 13 -29
18 14 -19
18 15 -10
18 16 -5
18 17 -2
18 18 0
18 19 0
18 20 0
18 21 0
18 22 0
18 23 0
18 24 0

19 0 0
19 1 0
19 2 0
19 3 0
19 4 0
19 5 0
19 6 -1
19 7 -1
19 8 -1
19 9 -4
19 10 -11
19 11 -17
19 12 -17
19 13 -16
19 14 -11
19 15 -5
19 16 -2
19 17 -1
19 18 0
19 19 0
19 20 0
19 21 0
19 22 0
19 23 0
19 24 0

20 0 0
20 1 0
20 2 0
20 3 0
20 4 0
20 5 0
20 6 0
20 7 0
20 8 0
20 9 -2
20 10 -5
20 11 -5
20 12 -5
20 13 -5
20 14 -5
20 15 -2
20 16 0
20 17 0
20 18 0
20 19 0
20 20 0
20 21 0
20 22 0
20 23 0
20 24 0

21 0 0
21 1 0
21 2 0
21 3 0
21 4 0
21 5 0
21 6 0
21 7 0
21 8 0
21 9 -1
21 10 -1
21 11 -1
21 12 -1
21 13 -1
21 14 -1
21 15 -1
21 16 0
21 17 0
21 18 0
21 19 0
21 20 0
21 21 0
21 22 0
21 23 0
21 24 0

22 0 0
22 1 0
22 2 0
22 3 0
22 4 0
22 5 0
22 6 0
22 7 0
22 8 0
22 9 0
22 10 0
22 11 0
22 12 0
22 13 0
22 14 0
22 15 0
22 16 0
22 17 0
22 18 0
22 19 0
22 20 0
22 21 0
22 22 0
22 23 0
22 24 0

23 0 0
23 1 0
23 2 0
23 3 0
23 4 0
23 5 0
23 6 0
23 7 0
23 8 0
23 9 0
23 10 0
23 11 0
23 12 0
23 13 0
23 14 0
23 15 0
23 16 0
23 17 0
23 18 0
23 19 0
23 20 0
23 21 0
23 22 0
23 23 0
23 24 0

24 0 0
24 1 0
24 2 0
24 3 0
24 4 0
24 5 0
24 6 0
24 7 0
24 8 0
24 9 0
24 10 0
24 11 0
24 12 0
24 13 0
24 14 0
24 15 0
24 16 0
24 17 0
24 18 0
24 19 0
24 20 0
24 21 0
24 22 0
24 23 0
24 24 0

