0 0 0 0 0 0 0 0 0 0 0 0 0 0 0 0 0 0 0 0 0 0 0 0 0 
0 0 0 0 0 0 0 0 0 0 0 0 0 0 0 0 0 0 0 0 0 0 0 0 0 
0 0 0 0 0 0 0 0 0 0 0 0 0 0 0 0 0 0 0 0 0 0 0 0 0 
0 0 0 0 0 0 0 0 0 0 0 0 0 0 0 0 0 0 0 0 0 0 0 0 0 
0 0 0 0 0 0 0 0 0 0 0 0 0 0 0 0 0 0 0 0 0 0 0 0 0 
0 0 0 0 0 0 0 0 0 0 0 0 0 0 0 0 0 0 0 0 0 0 0 0 0 
0 0 0 0 0 -1 -1 -1 -1 -1 -1 -1 -2 -2 -2 -2 -2 -2 -2 0 0 0 0 0 0 
0 0 0 0 0 -1 -4 -4 -5 -6 -6 -3 -4 -10 -10 -9 -8 -8 -2 0 0 0 0 0 0 
0 0 0 0 0 -1 -4 -11 -12 -16 -14 -11 -12 -18 -23 -19 -18 -8 -2 0 0 0 0 0 0 
0 0 0 0 0 -1 -4 -12 -26 -23 -26 -28 -31 -26 -25 -35 -20 -10 -4 0 0 0 0 0 0 
0 0 0 0 0 -1 -4 -13 -23 -37 -40 -49 -42 -33 -31 -27 -26 -16 -4 0 0 0 0 0 0 
0 0 0 0 0 -1 -4 -8 -21 -40 -63 -51 -39 -34 -32 -28 -27 -16 -4 0 0 0 0 0 0 
0 0 0 0 0 -1 -1 -5 -19 -43 -55 -51 -34 -28 -31 -40 -22 -10 -4 0 0 0 0 0 0 
0 0 0 0 0 0 0 -4 -20 -36 -46 -45 -42 -36 -39 -30 -21 -8 -2 0 0 0 0 0 0 
0 0 0 0 0 0 0 -4 -13 -29 -43 -52 -59 -61 -41 -22 -11 -8 -2 0 0 0 0 0 0 
0 0 0 0 0 0 0 -2 -8 -19 -43 -69 -79 -68 -40 -16 -5 -2 -2 0 0 0 0 0 0 
0 0 0 0 0 0 0 -1 -4 -15 -39 -72 -82 -60 -33 -14 -3 0 0 0 0 0 0 0 0 
0 0 0 0 0 0 0 0 -3 -14 -33 -49 -54 -44 -25 -11 -3 0 0 0 0 0 0 0 0 
0 0 0 0 0 0 0 0 -3 -11 -19 -22 -22 -22 -16 -7 -2 0 0 0 0 0 0 0 0 
0 0 0 0 0 0 0 0 -2 -4 -5 -5 -5 -5 -5 -3 -1 0 0 0 0 0 0 0 0 
0 0 0 0 0 0 0 0 0 0 0 0 0 0 0 0 0 0 0 0 0 0 0 0 0 
0 0 0 0 0 0 0 0 0 0 0 0 0 0 0 0 0 0 0 0 0 0 0 0 0 
0 0 0 0 0 0 0 0 0 0 0 0 0 0 0 0 0 0 0 0 0 0 0 0 0 
0 0 0 0 0 0 0 0 0 0 0 0 0 0 0 0 0 0 0 0 0 0 0 0 0 
0 0 0 0 0 0 0 0 0 0 0 0 0 0 0 0 0 0 0 0 0 0 0 0 0 
